-2.886203539906617710e-01 -5.589565307846082742e-01
-2.948813769703727550e-01 -4.098294732866990531e-01
-3.047354797914795244e-01 -3.602815784501591789e-01
1.955585932947911387e-01 -3.450856164150462035e-02
3.913622855821491386e-02 -7.546488193305460335e-02
-5.195213418962265628e-01 -5.550697578897808571e-01
-1.274503603822020326e-01 3.956354797930225486e-02
-1.821265976643254292e-01 4.944609000063865389e-01
-2.069967298180760973e-01 5.015422022665916302e-01
4.810487054550466879e-01 -1.042304428706981589e-01
-1.730392998241610525e-01 9.401285066124719370e-01
-2.331674897339964803e-01 6.876680158203644089e-01
-1.279670084205889458e-01 6.113236739195779812e-01
-2.825734496218442748e-01 4.825620501929371864e-01
-1.820567400994415053e-01 1.904724986846415558e-01
-5.427613786056864065e-01 1.398063075311696268e-01
-6.186093514837815999e-01 2.896908081696505377e-01
-6.286592902947619743e-01 3.021335357663899046e-01
-7.674626319865380797e-01 3.218728365308065609e-01
-5.970764325303368203e-01 1.753233025996676631e-01
-1.390093212208157181e-01 7.486861537184036353e-02
-1.675044013514227492e-01 1.061638647989413542e-01
-7.000678513963861649e-01 1.896557980708575286e-01
-7.154670107913081445e-01 2.859504787655118285e-01
