2.590490634105329648e-01 -4.239009143881742325e-01
-1.641122968668088378e-01 -7.995407787124136911e-01
-2.518612564154009137e-01 -3.494871552858942465e-01
2.018584914235733163e-01 -7.971710130268605532e-01
1.817500482392009897e-01 -1.400875961253261748e-02
2.755812617391957819e-01 -4.910932580533882708e-01
-4.793197435074328383e-01 -4.860642200419688086e-01
-1.266267830913326287e-01 5.596030486683226113e-02
-1.853911581869497061e-01 4.966021071496267147e-01
8.422464313353459353e-01 -4.352555581225271419e-01
4.542587902257816945e-01 -9.628959308420127761e-02
-1.765697568691464436e-01 8.511744375737705370e-01
4.876250266160065405e-01 1.804427056532867391e-01
-1.384410379338921193e-01 5.927002220478313488e-01
1.523975637320991727e-01 -2.899000468187556412e-01
-1.874825325674743248e-01 2.061196787482378889e-01
-5.557796627925964961e-01 -3.309085932775663319e-01
-6.269876402540055516e-01 2.991262420466200833e-01
-7.590835747392228328e-01 3.142494704006023598e-01
-5.961511416907147032e-01 1.437878171688399265e-01
4.921146231621674194e-01 2.695814879981897616e-02
-1.482157406097545094e-01 1.094962303566199280e-01
2.142659996316557680e-01 -9.946555950238360200e-02
-6.967340233307683928e-01 2.096244120092787822e-01
-8.288321253749408868e-01 3.331863925094137313e-01
