2.150746574960174518e-01 -4.399306695448687021e-01
-1.969066487342003291e-01 -8.517888334865568734e-01
-3.108794714649850688e-01 -4.356771193215891458e-01
1.685517860166551585e-01 -8.228603938668038742e-01
1.955700929460764681e-01 -4.359445117811566739e-02
2.547350981456081853e-01 -5.066404838882248018e-01
-5.308760197281703341e-01 -5.506810692371573168e-01
-1.414398308090809020e-01 1.336987950753240617e-02
-2.098831912961416635e-01 4.705003769717860385e-01
8.515198399182846156e-01 -4.442752561520135202e-01
4.881712220773945510e-01 -1.247770361935509054e-01
-1.482850256524585464e-01 8.510740694617066060e-01
4.574608536112459434e-01 1.747849460570739533e-01
-1.070632396939974473e-01 5.691938377292238282e-01
1.408205261800298813e-01 -3.302789000301790678e-01
-1.834240882194701494e-01 1.784671600204043584e-01
-5.792546657426328460e-01 -3.856347057630005182e-01
-6.288168712161807949e-01 2.839030446343210334e-01
-7.421661151839098469e-01 3.207320445769407113e-01
-6.024254888051704393e-01 1.214011047026608003e-01
5.368851307483875068e-01 6.790468718989778329e-03
-1.333926684630521442e-01 5.807439027423444422e-02
2.094955557774757504e-01 -1.428974823841500097e-01
-6.828768026415515946e-01 2.101398279843103567e-01
-7.655542094258057650e-01 3.457862179540632797e-01
