-2.871833226983911969e-01 -7.637840730811411571e-01
-2.948807265225726337e-01 -4.098311526552038675e-01
-3.131390175916757279e-01 -3.697021175337558696e-01
1.955591026419914447e-01 -3.450895535309997375e-02
-3.300025126569128275e-03 -2.718326225527435414e-01
-5.195211953312733888e-01 -5.550736771304323192e-01
-1.274493602433249273e-01 3.956271999103846970e-02
-1.821246790561515394e-01 4.944609593182687224e-01
-2.759480596628720583e-01 2.045108012058186597e-01
4.810502728594961419e-01 -1.042313280331706171e-01
-1.730390131607170701e-01 9.401288313234043015e-01
-1.189012881101222940e-01 3.369670460292029102e-01
-1.279665264402146674e-01 6.113237553593372509e-01
-3.181993872132890533e-01 8.529891389641874877e-02
-1.820563275238922807e-01 1.904721827490518660e-01
-6.402803099360588890e-01 -1.651652939007358378e-01
-6.186093221607045223e-01 2.896906395440861370e-01
-7.591206464975245316e-01 3.139112035913041998e-01
-7.704563504894432757e-01 3.207988554952647675e-01
-5.970611687957203539e-01 1.753975297549705270e-01
-1.390088254390772216e-01 7.486813404374087488e-02
-1.677825861608411295e-01 1.056971303445302657e-01
-7.000679558417036707e-01 1.896555216964606050e-01
-8.357027310011089227e-01 3.246326492087788784e-01
