2.562171184844274641e-01 -4.132341885196652020e-01
-1.611819776160286488e-01 -5.251040738316232748e-01
-2.625116879050271024e-01 -3.444158645768841120e-01
2.485596445171507907e-01 -6.681424490916372250e-01
1.750850075754155077e-01 -6.803892726735788488e-03
2.774379061625329990e-01 -4.851058869707723931e-01
-4.968529022192424982e-01 -4.861406339220777917e-01
-1.376765551417052369e-01 6.652532452215770276e-02
-1.916079571647474056e-01 4.969587640767025860e-01
8.390989508544350883e-01 -4.317519400947708030e-01
4.355254227450282012e-01 -9.514749151453068265e-02
-1.760728935244219029e-01 8.651029422321124818e-01
4.597411511030780606e-01 1.760382267579100879e-01
-1.434102271744005508e-01 5.872817194092112558e-01
1.387656357475688940e-01 -2.819158875705030654e-01
-1.908180607835165687e-01 2.135954146345123705e-01
-5.595759110509943568e-01 -3.258966820224028504e-01
-6.112349839851318745e-01 3.047003665912104697e-01
-7.574367946172744226e-01 3.167704149311744155e-01
-5.961523831000496987e-01 1.437903949579639740e-01
4.895644058329982617e-01 2.688524951811913088e-02
-1.525162954564240891e-01 1.193776427523941530e-01
1.916873314303388365e-01 -1.026186482242618936e-01
-6.965845889682756864e-01 2.107294732484041866e-01
