-2.871835304506122899e-01 -7.637835768642556866e-01
-2.948807587149068210e-01 -4.098311088340862440e-01
-3.131350148354168916e-01 -3.696969209386934407e-01
1.955590549805398815e-01 -3.450893930267215359e-02
-3.300172073409546325e-03 -2.718318840909260681e-01
-5.195212177607070325e-01 -5.550736115787933134e-01
-1.274494465602607485e-01 3.956275243616436121e-02
-1.821247479929739566e-01 4.944609515530443700e-01
-2.759487945288046085e-01 2.045105646816989808e-01
4.810502253618694213e-01 -1.042313128318557436e-01
-1.730390442757440139e-01 9.401288009585885286e-01
-1.189020232661102128e-01 3.369661940047830040e-01
-1.279665446755675062e-01 6.113237469089778386e-01
-3.182002479780719484e-01 8.529864812030024668e-02
-1.820563501273795293e-01 1.904721868127077222e-01
-6.402633874596742602e-01 -1.651598491750561615e-01
-6.186093316909502260e-01 2.896906398497472446e-01
-7.591206669825935061e-01 3.139112188755029953e-01
-7.704565973014134705e-01 3.207987724168398502e-01
-5.970592422544501732e-01 1.754154112297049428e-01
-1.390088424672069611e-01 7.486813981794493422e-02
-1.677996377022122898e-01 1.056710744526785928e-01
-7.000679585946981698e-01 1.896555247130113919e-01
-8.357025730014903120e-01 3.246322322092537460e-01
