2.580204756184508175e-01 -3.504009397847398510e-01
-2.186175079179294711e-01 -4.224230913604427595e-01
-2.391531532299328300e-01 -2.761173340124208342e-01
3.375449670179277439e-01 -1.640486893136765267e-01
1.775618544316882041e-01 2.177723781098439559e-02
3.152944938270823561e-01 -3.703155261817294708e-01
-1.395756619861094339e-01 3.063425677181466633e-02
-1.365554204215698730e-01 7.615192136308801540e-02
-1.951360546565572840e-01 4.972906207842454629e-01
8.409566215059398608e-01 -4.338494193049086678e-01
4.607891843282490574e-01 -5.771063792791103486e-02
-1.760609345288396965e-01 8.660715175894916351e-01
4.841878519059377717e-01 1.806490886435261900e-01
-1.390986549663017491e-01 5.981809391619692384e-01
1.564554277742892796e-01 -2.402787734011433973e-01
-1.920104024803488962e-01 2.329475208101164374e-01
-3.764461507952689967e-01 4.164459814036586272e-02
-6.158791875340541289e-01 3.118606657168273566e-01
-7.555289472302755271e-01 3.197962644737816218e-01
-5.956305780015971330e-01 1.451348536511236631e-01
4.925992261919772131e-01 3.357866788148344828e-02
-1.552462737425812644e-01 1.261760492843242987e-01
2.054843039858875176e-01 -8.106861960052678950e-02
-6.959885128391272158e-01 2.166064816759223910e-01
