2.597776525729701969e-01 -4.365658797217135123e-01
-1.914590505406228438e-01 -8.413944843415838148e-01
-2.616473534001227397e-01 -3.664645068016432750e-01
2.036816385849829492e-01 -8.058557400824696293e-01
1.904188343567792541e-01 -2.047993550176660515e-02
2.774590012662214167e-01 -4.993309719505274469e-01
-4.802383436789036120e-01 -4.979200306852241686e-01
-1.242479606605860765e-01 5.535890018610817309e-02
-1.884359009528392970e-01 4.967430162153442241e-01
8.445637343414766907e-01 -4.376808625507011552e-01
4.542587894671689663e-01 -9.628959682918152019e-02
-1.549275537678180825e-01 8.341661184405008145e-01
5.027871017880791715e-01 1.688687429888101055e-01
-1.387187122386824289e-01 5.923561671332582268e-01
1.505886013334428175e-01 -2.938199541901991285e-01
-1.899632598930997840e-01 2.043545996502601492e-01
-5.538876405540434922e-01 -3.433004765408816938e-01
-6.110115761280510149e-01 2.991810956644689878e-01
-7.538411553580215418e-01 3.096950262880362459e-01
-5.976434208107832546e-01 1.400862712888090722e-01
4.971530487109985796e-01 2.714672656149075269e-02
-1.405305628254552852e-01 9.378799947539240289e-02
2.035422733201729950e-01 -1.153411723913481401e-01
-6.972131652598958507e-01 2.065442796732419040e-01
-8.113546438017877893e-01 3.298056508364378692e-01
