2.605381119588763839e-01 -4.502073608694751594e-01
-1.896261363711979897e-01 -8.380931590008625642e-01
-2.660671536117467095e-01 -3.745323539022437087e-01
2.120164908863574893e-01 -8.300181330229303711e-01
1.974059809624160722e-01 -4.379825473302931260e-02
2.912444414829669648e-01 -4.969279992131031554e-01
-4.807201258364941499e-01 -5.047441582007237137e-01
-1.319247898905576144e-01 3.170446450836542085e-02
-1.733210999533603691e-01 4.967818477734016192e-01
8.467454802847842465e-01 -4.423013764604523668e-01
4.684263321555824366e-01 -1.160356473617194933e-01
-1.480243208070095573e-01 8.315979364165736465e-01
5.117495480225517923e-01 1.563741701619278390e-01
-1.397904273334775738e-01 5.910793513065407678e-01
1.717559652243882407e-01 -3.197580914832580112e-01
-1.850056034062605992e-01 1.799934089442532525e-01
-5.592663716844674671e-01 -3.472104714333237307e-01
-6.255417360593240605e-01 2.856421394386136070e-01
-7.574367540776402175e-01 3.167704335236438684e-01
-6.001675168969299312e-01 1.287808398339320703e-01
5.079376150639651755e-01 1.918041626779162789e-02
-1.464341866518833468e-01 7.409759755193506825e-02
2.043022405291072263e-01 -1.402436455742696042e-01
-6.934273153748451435e-01 1.969787156446843324e-01
-8.327883271478002669e-01 3.294501561825183833e-01
