2.503028182689155945e-01 -4.490030926555022006e-01
-1.896260657558254681e-01 -8.380923128349712092e-01
-3.113811720067449218e-01 -4.323731409627701305e-01
1.651419345786005466e-01 -8.213656306600480850e-01
1.955704598905801395e-01 -4.359454037209253841e-02
2.616641549810183043e-01 -5.090187584268419663e-01
-5.294081773221936960e-01 -5.029740218545146746e-01
-1.414399371211998435e-01 1.336994042232172997e-02
-1.808958288557682148e-01 4.509067463001728004e-01
8.514947528539824617e-01 -4.442467649485120629e-01
4.881708466048085282e-01 -1.247770578597797303e-01
-1.482613264321005486e-01 8.510379804191098296e-01
4.907065776429538340e-01 1.638437702082140568e-01
-1.070296413866569929e-01 5.691962231856984022e-01
1.060723848929234214e-01 -3.285703373677390515e-01
-1.834243381516210136e-01 1.784664002786960357e-01
-5.884487942678686689e-01 -3.677672923615580292e-01
-6.353849556550490441e-01 2.804316442655938602e-01
-7.620234340112437277e-01 3.099909763511482508e-01
-6.489177383569594282e-01 1.012385829531796677e-01
5.332083223317169995e-01 2.560496086872920962e-03
-1.333927878496270480e-01 5.807440751411155344e-02
2.000918331939628980e-01 -1.416403262782627848e-01
-7.311962436243784058e-01 1.798545760779279301e-01
-8.343520278863574280e-01 3.280660259657096622e-01
