-5.032951100717086845e-01 -6.998548817836601765e-01
7.724543438215397684e-01 1.560631119810571010e-01
3.427001706942917059e-01 -4.377043145784628164e-01
8.820632424125671722e-01 -3.834044356412562582e-01
-6.170300754019170109e-02 -1.525129396500762846e-01
7.105015430118569175e-02 -6.397247221046871157e-01
1.688613763496565889e-02 -5.965182772747653628e-01
-6.139215198762020265e-01 5.126559538790280701e-01
-4.916110506708306072e-01 -6.944008271873216565e-01
2.210082347474386921e-01 3.516071256262066624e-01
