2.557097208744735228e-02 -3.022251984923203239e-01
-2.948802000357483299e-01 -4.098318659234681527e-01
-2.828291871822696812e-01 -3.344373305412035036e-01
1.955598765726361266e-01 -3.450921645786012015e-02
1.524782266845587375e-01 8.759112587350098567e-03
-2.486592649128060717e-01 -1.907970087435005846e-01
-1.274479537510523341e-01 3.956219080768211271e-02
-1.349114412795056062e-01 4.084063121338188385e-01
-1.996563665623385941e-01 5.079585405590132385e-01
4.810510415055311850e-01 -1.042315738116635637e-01
-5.340589250368815710e-02 6.731412682170428985e-01
-1.760455465911647255e-01 8.681863283068044224e-01
-7.623428912758312137e-02 5.535296979599515499e-01
-1.443549249083698194e-01 6.008372102405135085e-01
-1.820559591012060885e-01 1.904721153438337367e-01
-1.854160132272562600e-01 2.585150238882590878e-01
-6.186091649381743052e-01 2.896906322604103634e-01
-6.210994156501776775e-01 3.147001119207943898e-01
-7.602972561263043882e-01 3.225677619683935404e-01
-5.952670535595731005e-01 1.901666197247544043e-01
-1.244104928918543518e-02 2.225814139037743944e-01
-1.577244581673444834e-01 1.327738985109351844e-01
-2.222540302443697102e-01 2.188012777664058439e-01
-7.046476091400015740e-01 2.669591736869436072e-01
