-5.097018672243740500e-01 -7.182045483084922299e-01
7.644633592077801909e-01 1.747884569106259722e-01
3.388463253030502553e-01 -4.504163746053373441e-01
8.707434340093271885e-01 -3.915463289838230221e-01
-6.931509875026592438e-02 -1.696871129034550896e-01
6.238368842140482040e-02 -6.593834157656782713e-01
-6.008301212096611721e-03 -6.196716827610257994e-01
-6.139063666233950389e-01 5.126426596892779131e-01
-5.103008286384866921e-01 -7.005068927223888631e-01
2.177114023108597252e-01 3.606156932481714428e-01
