-5.032935425670117535e-01 -6.998566549902032197e-01
7.724543429146353279e-01 1.560631130525729493e-01
3.427001707214153980e-01 -4.377043136116649524e-01
8.820632404567818607e-01 -3.834044345640290619e-01
-6.170300729464173184e-02 -1.525129394503060842e-01
7.105015388917687580e-02 -6.397247216690404858e-01
1.688617526879654385e-02 -5.965182674534336149e-01
-6.139215225411100985e-01 5.126559564080610532e-01
-4.916110561396047074e-01 -6.944008288283627373e-01
2.210082346250167307e-01 3.516071263330277086e-01
